logon,CQW0652,PC-3449,Logon,07/21/2010 09:15:00
logon,CQW0652,PC-3449,Logoff,07/21/2010 21:07:00
file,CQW0652,PC-3449,QPRT73OO.txt,07/21/2010 14:04:18
file,CQW0652,PC-3449,F38ZNKCR.doc,07/21/2010 17:03:11
file,CQW0652,PC-3449,C7PKUYF9.pdf,07/21/2010 18:06:01
file,CQW0652,PC-3449,4SM14SSB.doc,07/21/2010 18:08:03
file,CQW0652,PC-3449,AX98X55W.doc,07/21/2010 18:11:38
http,CQW0652,PC-3449,http://pcworld.com/Alexandre_Banza/bokassa/bcgvzvmngvbageniryfhaavatpevoontrpneqtnzr494829086.php,07/21/2010 09:33:09
http,CQW0652,PC-3449,http://tvguide.com/Vauxhall_Bridge/a202/ohfgeniryfbyqreculfvpf1732643364.jsp,07/21/2010 09:44:50
http,CQW0652,PC-3449,http://linkedin.com/WboUhagvat1479839504.aspx,07/21/2010 09:46:37
http,CQW0652,PC-3449,http://pcmag.com/Order_of_Canada/morgentaler/fbyqreonfronyyunyybssnzrdhnyvgl410870609.htm,07/21/2010 09:57:56
http,CQW0652,PC-3449,http://sidereel.com/Miniopterus_griveaudi/griveaudi/ivfnovplpyrpebffpbhageljbeyqfrevrf1447879033.htm,07/21/2010 10:09:11
http,CQW0652,PC-3449,http://zappos.com/Monkey_Gone_to_Heaven/rorich/gbbyvatqvntabfgvp144336603.html,07/21/2010 11:26:54
http,CQW0652,PC-3449,http://boeing.com/WboUhagvat1904327536.htm,07/21/2010 11:35:56
http,CQW0652,PC-3449,http://files.wordpress.com/Star/starspots/ovyyvneqfgevpxfubgfgenirysbkuhagvatugzy1277956163.aspx,07/21/2010 11:42:07
http,CQW0652,PC-3449,http://americanexpress.com/Hurricane_John_1994/12700/navzngvbafubgthaaba-svpgvbaqrzbafgengvba428818739.jsp,07/21/2010 12:04:50
http,CQW0652,PC-3449,http://theblaze.com/Arsenal_FC/filearsenal/arjfubefronpxraqhenaprevqvatqvegevqvatcrgtebbzvat952501939.html,07/21/2010 13:11:34
http,CQW0652,PC-3449,http://domaintools.com/Indian_Head_eagle/gaudenss/nppbhagvatgeniryqenvantr1029460590.htm,07/21/2010 13:18:32
http,CQW0652,PC-3449,http://abcnews.go.com/Lactarius_indigo/indigo/rdhvczragfrysurycorneuhagvatgeniryntrapl1874713056.jsp,07/21/2010 13:20:34
http,CQW0652,PC-3449,http://egotastic.com/AngloSaxon_Chronicle/wihtgar/dhnyvgltneqravafrpgfgrpuavpvna1074222657.htm,07/21/2010 14:28:23
http,CQW0652,PC-3449,http://compete.com/Fighting_in_ice_hockey/fisticuffs/tneqravatobbxftneqravafrpgfgrpuavpvnacynlfbyvgnver142397691.asp,07/21/2010 14:41:18
http,CQW0652,PC-3449,http://zappos.com/Monkey_Gone_to_Heaven/rorich/gbbyvatqvntabfgvp144336603.html,07/21/2010 15:25:46
http,CQW0652,PC-3449,http://pcworld.com/Alexandre_Banza/bokassa/bcgvzvmngvbageniryfhaavatpevoontrpneqtnzr494829086.php,07/21/2010 16:19:07
http,CQW0652,PC-3449,http://npr.org/Creatures_of_Impulse/pipette/frysurycvagreargznexrgvat1389343354.aspx,07/21/2010 17:05:52
http,CQW0652,PC-3449,http://jobhuntersbible.com/WboUhagvat1258877042.aspx,07/21/2010 17:11:35
http,CQW0652,PC-3449,http://toysrus.com/Sertraline/imipramine/graavfenpxrgqvntabfgvpovplpyrunaqfvtanyfqvtvgnyfpencobbxvat2122601069.aspx,07/21/2010 17:16:05
http,CQW0652,PC-3449,http://files.wordpress.com/Star/starspots/ovyyvneqfgevpxfubgfgenirysbkuhagvatugzy1277956163.aspx,07/21/2010 17:49:50
http,CQW0652,PC-3449,http://wikipedia.org/Maya_MIA_album/rusko/objuhagvatpynffvpnyzhfvppnaavatirtrgnoyrfgeniry830018872.jsp,07/21/2010 18:06:46
http,CQW0652,PC-3449,http://linkedin.com/Hero_of_Ukraine/shukhevych/fbyqrecrgnyyretvrfpbyyrtronfronyysyrkvovyvgl880274078.asp,07/21/2010 18:07:29
http,CQW0652,PC-3449,http://sidereel.com/Miniopterus_griveaudi/griveaudi/ivfnovplpyrpebffpbhageljbeyqfrevrf1447879033.htm,07/21/2010 18:48:10
http,CQW0652,PC-3449,http://pcworld.com/Alexandre_Banza/bokassa/bcgvzvmngvbageniryfhaavatpevoontrpneqtnzr494829086.php,07/21/2010 20:15:31
http,CQW0652,PC-3449,http://craigslist.org/WboUhagvat1105403916.aspx,07/21/2010 20:24:18
http,CQW0652,PC-3449,http://zappos.com/Monkey_Gone_to_Heaven/rorich/gbbyvatqvntabfgvp144336603.html,07/21/2010 20:38:04
http,CQW0652,PC-3449,http://abcnews.go.com/Lactarius_indigo/indigo/rdhvczragfrysurycorneuhagvatgeniryntrapl1874713056.jsp,07/21/2010 20:56:36
http,CQW0652,PC-3449,http://pcworld.com/Alexandre_Banza/bokassa/bcgvzvmngvbageniryfhaavatpevoontrpneqtnzr494829086.php,07/21/2010 21:01:38
http,CQW0652,PC-3449,http://wikipedia.org/Maya_MIA_album/rusko/objuhagvatpynffvpnyzhfvppnaavatirtrgnoyrfgeniry830018872.jsp,07/21/2010 21:02:04
email,CQW0652,PC-3449,Chastity.Quyn.Wilkerson@dtaa.com,Katelyn.Lani.Murray@dtaa.com,23243,0,07/21/2010 16:40:59
email,CQW0652,PC-3449,Chastity.Quyn.Wilkerson@dtaa.com,Valentine.Lucian.Benjamin@dtaa.com,60263,0,07/21/2010 16:51:57
device,CQW0652,PC-3449,Connect,07/21/2010 13:18:22
device,CQW0652,PC-3449,Disconnect,07/21/2010 14:25:26
device,CQW0652,PC-3449,Connect,07/21/2010 16:52:22
device,CQW0652,PC-3449,Disconnect,07/21/2010 18:32:35
