logon,AAE0190,PC-8915,Logon,06/17/2010 08:23:00
logon,AAE0190,PC-8915,Logoff,06/17/2010 18:10:00
http,AAE0190,PC-8915,http://instagr.am/New_York_State_Route_175/skaneateles/pnerreqrirybczrag1978768455.php,06/17/2010 08:25:59
http,AAE0190,PC-8915,http://verizon.com/2006_Westchester_County_tornado/edt/vprubpxrlnhgberfgbengvbasverobqlohvyqvat807614485.php,06/17/2010 08:28:26
http,AAE0190,PC-8915,http://icio.us/Chicado_V/aqha/qenvantrinpngvba583064600.aspx,06/17/2010 08:34:48
http,AAE0190,PC-8915,http://pcworld.com/Alexandre_Banza/bokassa/bcgvzvmngvbageniryfhaavatpevoontrpneqtnzr494829086.php,06/17/2010 08:35:00
http,AAE0190,PC-8915,http://digitalpoint.com/Hudson_Valley_Rail_Trail/costantino/frnzfgerffpbzzvffvbaylevpfinpngvba1988739345.htm,06/17/2010 08:36:33
http,AAE0190,PC-8915,http://megaclick.com/Albert_Prince_Consort/curragh/cyngsbezubefronpxevqvatfnsrglcebsvgsnpvyvgngbe333712281.php,06/17/2010 08:52:09
http,AAE0190,PC-8915,http://ebay.com/Stonewall_riots/kamenys/sverqenznbhgyrgpragrefubccvatzbhagrqbevragrrevat959308762.php,06/17/2010 08:52:14
http,AAE0190,PC-8915,http://mlb.com/Agaricus_deserticola/montagnea/graavfznfgrefncnpursnpvyvgngbe1754539818.php,06/17/2010 08:58:57
http,AAE0190,PC-8915,http://optmd.com/Francis_Petre/petres/znyyjnyxvatinpngvbagnyxvatbagurcubarsregvyvmre40698316.php,06/17/2010 08:59:20
http,AAE0190,PC-8915,http://discovery.com/Japan/shikoku/gerrfgnaqergheabavairfgzrag2105221548.jsp,06/17/2010 09:03:35
http,AAE0190,PC-8915,http://conduit.com/Brazilian_battleship_Minas_Geraes/minas/pbbxvatfnsrglsvezjnersnpvyvgngbe260742976.htm,06/17/2010 09:21:08
http,AAE0190,PC-8915,http://weebly.com/Georgetown_University/hoyas/cenpgvprcynlvatzhfvpsnzvylterragenafcbegngvbacebsrffvbanyfbppre1726875144.html,06/17/2010 09:22:23
http,AAE0190,PC-8915,http://about.com/Grays_Inn/cherke/harzcyblzragsver1434742481.asp,06/17/2010 09:35:29
http,AAE0190,PC-8915,http://kmart.com/Ode_on_Indolence/indolence/crbcyrjngpuvaternyrfgngrfubccvatfnyrfanpxvatsnpvyvgngbe1391504860.jsp,06/17/2010 09:39:32
http,AAE0190,PC-8915,http://verizon.com/2006_Westchester_County_tornado/edt/vprubpxrlnhgberfgbengvbasverobqlohvyqvat807614485.php,06/17/2010 09:39:50
http,AAE0190,PC-8915,http://stumbleupon.com/Battle_of_Albuera/altens/ergheabavairfgzraggevplpyrpnzcsver637411330.htm,06/17/2010 09:45:57
http,AAE0190,PC-8915,http://verizon.com/2006_Westchester_County_tornado/edt/vprubpxrlnhgberfgbengvbasverobqlohvyqvat807614485.php,06/17/2010 09:49:08
http,AAE0190,PC-8915,http://linksynergy.com/Andrew_Johnston_singer/brannock/sveroybttvatfnygjngreornpuovyyvneqfunyy1566888039.aspx,06/17/2010 09:52:41
http,AAE0190,PC-8915,http://retailmenot.com/2012_phenomenon/aveni/jngrecbybqrfxgbcpnerreqrirybczragorarsvgf795555884.jsp,06/17/2010 09:54:31
http,AAE0190,PC-8915,http://retailmenot.com/2012_phenomenon/aveni/jngrecbybqrfxgbcpnerreqrirybczragorarsvgf795555884.jsp,06/17/2010 10:10:36
http,AAE0190,PC-8915,http://filestube.com/Eduard_Streltsov/lebedeva/fcbegsvfuvatirtrgnevnaqvtvgnyfpencobbxvatergheabavairfgzrag718405493.jsp,06/17/2010 10:11:27
http,AAE0190,PC-8915,http://discovery.com/Japan/shikoku/gerrfgnaqergheabavairfgzrag2105221548.jsp,06/17/2010 10:19:00
http,AAE0190,PC-8915,http://megaclick.com/Albert_Prince_Consort/curragh/cyngsbezubefronpxevqvatfnsrglcebsvgsnpvyvgngbe333712281.php,06/17/2010 10:33:45
http,AAE0190,PC-8915,http://linksynergy.com/Andrew_Johnston_singer/brannock/sveroybttvatfnygjngreornpuovyyvneqfunyy1566888039.aspx,06/17/2010 10:34:15
http,AAE0190,PC-8915,http://comcast.com/BAE_Systems/yamamah/fanpxvatrzcyblrreryngvbafmvccre1009941865.htm,06/17/2010 10:46:53
http,AAE0190,PC-8915,http://conduit.com/1999_Sydney_hailstorm/hailstorm/sbbgonyygenvagenirycreraavnygnyxvatbagurcubar2080032598.php,06/17/2010 10:47:19
http,AAE0190,PC-8915,http://justin.tv/Baltimore_Steam_Packet_Company/staterooms/fanpxvattbhezrgsbbqfjngpuvatgryrivfvbafbsgjner498864610.aspx,06/17/2010 10:49:28
http,AAE0190,PC-8915,http://adobe.com/History_of_the_National_Hockey_League_19671992/nhl/pvephvgfobjyvatonyyergheabavairfgzrag676924457.html,06/17/2010 10:51:35
http,AAE0190,PC-8915,http://justin.tv/Baltimore_Steam_Packet_Company/staterooms/fanpxvattbhezrgsbbqfjngpuvatgryrivfvbafbsgjner498864610.aspx,06/17/2010 10:53:01
http,AAE0190,PC-8915,http://tribalfusion.com/Mendip_Hills/priddy/zbhagnvaovxrfhaavatovplpyrfnsrgl274005194.html,06/17/2010 10:54:22
http,AAE0190,PC-8915,http://mlb.com/Agaricus_deserticola/montagnea/graavfznfgrefncnpursnpvyvgngbe1754539818.php,06/17/2010 11:05:29
http,AAE0190,PC-8915,http://retailmenot.com/2012_phenomenon/aveni/jngrecbybqrfxgbcpnerreqrirybczragorarsvgf795555884.jsp,06/17/2010 11:13:50
http,AAE0190,PC-8915,http://retailmenot.com/2012_phenomenon/aveni/jngrecbybqrfxgbcpnerreqrirybczragorarsvgf795555884.jsp,06/17/2010 11:15:28
http,AAE0190,PC-8915,http://discovery.com/Japan/shikoku/gerrfgnaqergheabavairfgzrag2105221548.jsp,06/17/2010 11:17:27
http,AAE0190,PC-8915,http://mediafire.com/Manchester_SmallScale_Experimental_Machine/npl/vaterqvragfbhgyrgpragrefubccvatergheabavairfgzrag1105950029.aspx,06/17/2010 11:17:54
http,AAE0190,PC-8915,http://discovery.com/Japan/shikoku/gerrfgnaqergheabavairfgzrag2105221548.jsp,06/17/2010 11:18:09
http,AAE0190,PC-8915,http://adobe.com/History_of_the_National_Hockey_League_19671992/nhl/pvephvgfobjyvatonyyergheabavairfgzrag676924457.html,06/17/2010 11:19:51
http,AAE0190,PC-8915,http://discovery.com/Japan/shikoku/gerrfgnaqergheabavairfgzrag2105221548.jsp,06/17/2010 11:21:02
http,AAE0190,PC-8915,http://discovery.com/Japan/shikoku/gerrfgnaqergheabavairfgzrag2105221548.jsp,06/17/2010 11:21:04
http,AAE0190,PC-8915,http://hulu.com/Gray_mouse_lemur/lemur/qvfpbhaginpngvba865185298.aspx,06/17/2010 11:23:54
http,AAE0190,PC-8915,http://discovery.com/Japan/shikoku/gerrfgnaqergheabavairfgzrag2105221548.jsp,06/17/2010 11:24:13
http,AAE0190,PC-8915,http://redfin.com/Rinaldo_opera/goffredo/pehvfrergheabavairfgzragivqrbtnzrfcebwrpg1920790195.html,06/17/2010 11:24:23
http,AAE0190,PC-8915,http://kbb.com/Battle_of_Quebec_1775/antill/gnyxvatbagurcubarnhgbercnvecnegfthvqrsvezjnerqenzn836720506.html,06/17/2010 11:24:26
http,AAE0190,PC-8915,http://ning.com/David_Lovering/eeenie/svanaprivfhnyonfvpnanylgvpfgnyxvatbagurcubar1497063354.asp,06/17/2010 11:28:33
http,AAE0190,PC-8915,http://npr.org/Latter_Days/sandvoss/zbgbeplpyrzhfrhznpprcgnaprgrfgercbegsnzvyl355437132.php,06/17/2010 11:29:48
http,AAE0190,PC-8915,http://secureserver.net/Halloween_II/kapsis/gnyxvatbagurcubarcebsvgirttvatbhg696603741.jsp,06/17/2010 11:30:33
http,AAE0190,PC-8915,http://redfin.com/Rinaldo_opera/goffredo/pehvfrergheabavairfgzragivqrbtnzrfcebwrpg1920790195.html,06/17/2010 11:36:41
http,AAE0190,PC-8915,http://hulu.com/Gray_mouse_lemur/lemur/qvfpbhaginpngvba865185298.aspx,06/17/2010 11:50:27
http,AAE0190,PC-8915,http://digitalpoint.com/Hudson_Valley_Rail_Trail/costantino/frnzfgerffpbzzvffvbaylevpfinpngvba1988739345.htm,06/17/2010 11:56:55
http,AAE0190,PC-8915,http://discovery.com/Japan/shikoku/gerrfgnaqergheabavairfgzrag2105221548.jsp,06/17/2010 11:58:05
http,AAE0190,PC-8915,http://redfin.com/Rinaldo_opera/goffredo/pehvfrergheabavairfgzragivqrbtnzrfcebwrpg1920790195.html,06/17/2010 12:01:35
http,AAE0190,PC-8915,http://discovery.com/Japan/shikoku/gerrfgnaqergheabavairfgzrag2105221548.jsp,06/17/2010 12:03:36
http,AAE0190,PC-8915,http://adobe.com/History_of_the_National_Hockey_League_19671992/nhl/pvephvgfobjyvatonyyergheabavairfgzrag676924457.html,06/17/2010 12:04:28
http,AAE0190,PC-8915,http://adobe.com/History_of_the_National_Hockey_League_19671992/nhl/pvephvgfobjyvatonyyergheabavairfgzrag676924457.html,06/17/2010 12:04:40
http,AAE0190,PC-8915,http://adobe.com/History_of_the_National_Hockey_League_19671992/nhl/pvephvgfobjyvatonyyergheabavairfgzrag676924457.html,06/17/2010 12:05:00
http,AAE0190,PC-8915,http://conduit.com/Brazilian_battleship_Minas_Geraes/minas/pbbxvatfnsrglsvezjnersnpvyvgngbe260742976.htm,06/17/2010 12:19:46
http,AAE0190,PC-8915,http://retailmenot.com/2012_phenomenon/aveni/jngrecbybqrfxgbcpnerreqrirybczragorarsvgf795555884.jsp,06/17/2010 12:29:17
http,AAE0190,PC-8915,http://imgur.com/Barton_Fink/mayhew/ovplpyrnpebongvpfwrjryelfubccvatwnmminpngvba1790378952.jsp,06/17/2010 12:29:25
http,AAE0190,PC-8915,http://last.fm/Donald_Bradman_with_the_Australian_cricket_team_in_England_in_1948/7257/inpngvbafnyrffhccbeg530102056.asp,06/17/2010 12:30:55
http,AAE0190,PC-8915,http://mediafire.com/Manchester_SmallScale_Experimental_Machine/npl/vaterqvragfbhgyrgpragrefubccvatergheabavairfgzrag1105950029.aspx,06/17/2010 12:31:11
http,AAE0190,PC-8915,http://1saleaday.com/Mercury_dime/dimes/frphevglsvernhgbercnveznahnyf1114821738.aspx,06/17/2010 12:38:10
http,AAE0190,PC-8915,http://conduit.com/Brazilian_battleship_Minas_Geraes/minas/pbbxvatfnsrglsvezjnersnpvyvgngbe260742976.htm,06/17/2010 12:39:01
http,AAE0190,PC-8915,http://retailmenot.com/2012_phenomenon/aveni/jngrecbybqrfxgbcpnerreqrirybczragorarsvgf795555884.jsp,06/17/2010 12:39:06
http,AAE0190,PC-8915,http://eonline.com/Gregory_of_Nazianzus/sasima/gragcebwrpgcrgsvfupbyyrtrfbppre691547229.htm,06/17/2010 12:40:22
http,AAE0190,PC-8915,http://linkedin.com/Harry_Chauvel/chetwode/cebwrpg757315014.jsp,06/17/2010 12:41:14
http,AAE0190,PC-8915,http://stumbleupon.com/Battle_of_Albuera/altens/ergheabavairfgzraggevplpyrpnzcsver637411330.htm,06/17/2010 12:49:29
http,AAE0190,PC-8915,http://discovery.com/Japan/shikoku/gerrfgnaqergheabavairfgzrag2105221548.jsp,06/17/2010 12:50:06
http,AAE0190,PC-8915,http://redfin.com/Rinaldo_opera/goffredo/pehvfrergheabavairfgzragivqrbtnzrfcebwrpg1920790195.html,06/17/2010 12:50:09
http,AAE0190,PC-8915,http://discovery.com/Japan/shikoku/gerrfgnaqergheabavairfgzrag2105221548.jsp,06/17/2010 12:51:24
http,AAE0190,PC-8915,http://ancestry.com/Henry_Bishop_of_Finland/turku/pnerreqrirybczragpnetbjngrecbyb913781379.asp,06/17/2010 12:51:45
http,AAE0190,PC-8915,http://linksynergy.com/Andrew_Johnston_singer/brannock/sveroybttvatfnygjngreornpuovyyvneqfunyy1566888039.aspx,06/17/2010 12:51:51
http,AAE0190,PC-8915,http://eonline.com/Gregory_of_Nazianzus/sasima/gragcebwrpgcrgsvfupbyyrtrfbppre691547229.htm,06/17/2010 12:52:33
http,AAE0190,PC-8915,http://bizjournals.com/Azerbaijani_people/turkification/jngpuvatgryrivfvbaovplpyrnpebongvpf1583222179.php,06/17/2010 12:58:19
http,AAE0190,PC-8915,http://macys.com/Stegosaurus/stegosaur/fanpxvatfxvvatgrpuavdhrfryrpgvba306083861.jsp,06/17/2010 13:03:54
http,AAE0190,PC-8915,http://pcworld.com/Alexandre_Banza/bokassa/bcgvzvmngvbageniryfhaavatpevoontrpneqtnzr494829086.php,06/17/2010 13:04:24
http,AAE0190,PC-8915,http://ning.com/David_Lovering/eeenie/svanaprivfhnyonfvpnanylgvpfgnyxvatbagurcubar1497063354.asp,06/17/2010 13:04:53
http,AAE0190,PC-8915,http://digitalpoint.com/Lion/tsavo/zrqvgngvbanhgbercnveznahnyf138682709.php,06/17/2010 13:05:03
http,AAE0190,PC-8915,http://tribalfusion.com/Mendip_Hills/priddy/zbhagnvaovxrfhaavatovplpyrfnsrgl274005194.html,06/17/2010 13:25:38
http,AAE0190,PC-8915,http://discovery.com/Japan/shikoku/gerrfgnaqergheabavairfgzrag2105221548.jsp,06/17/2010 13:39:08
http,AAE0190,PC-8915,http://1saleaday.com/Mercury_dime/dimes/frphevglsvernhgbercnveznahnyf1114821738.aspx,06/17/2010 13:47:44
http,AAE0190,PC-8915,http://about.com/Grays_Inn/cherke/harzcyblzragsver1434742481.asp,06/17/2010 13:54:48
http,AAE0190,PC-8915,http://ancestry.com/Henry_Bishop_of_Finland/turku/pnerreqrirybczragpnetbjngrecbyb913781379.asp,06/17/2010 13:55:00
http,AAE0190,PC-8915,http://retailmenot.com/2012_phenomenon/aveni/jngrecbybqrfxgbcpnerreqrirybczragorarsvgf795555884.jsp,06/17/2010 13:59:46
http,AAE0190,PC-8915,http://redfin.com/Rinaldo_opera/goffredo/pehvfrergheabavairfgzragivqrbtnzrfcebwrpg1920790195.html,06/17/2010 14:01:02
http,AAE0190,PC-8915,http://discovery.com/Japan/shikoku/gerrfgnaqergheabavairfgzrag2105221548.jsp,06/17/2010 14:19:47
http,AAE0190,PC-8915,http://fatwallet.com/Grand_Duchess_Olga_Nikolaevna_of_Russia/olga/snzvylculfvpf76474686.asp,06/17/2010 14:26:58
http,AAE0190,PC-8915,http://imdb.com/SMS_Markgraf/markgrafgroupnote/vgnyvnapbbxvatubyvqnlffbppreserrfglyrfxvvat50866039.html,06/17/2010 14:27:15
http,AAE0190,PC-8915,http://linksynergy.com/Andrew_Johnston_singer/brannock/sveroybttvatfnygjngreornpuovyyvneqfunyy1566888039.aspx,06/17/2010 14:47:01
http,AAE0190,PC-8915,http://linksynergy.com/Andrew_Johnston_singer/brannock/sveroybttvatfnygjngreornpuovyyvneqfunyy1566888039.aspx,06/17/2010 14:51:35
http,AAE0190,PC-8915,http://conduit.com/Brazilian_battleship_Minas_Geraes/minas/pbbxvatfnsrglsvezjnersnpvyvgngbe260742976.htm,06/17/2010 14:57:02
http,AAE0190,PC-8915,http://yousendit.com/Western_Chalukya_Empire/chalukya/gernqzvyysnpvyvgngbe1416273232.php,06/17/2010 14:59:09
http,AAE0190,PC-8915,http://twitpic.com/LaRouche_criminal_trials/frankhouser/nhgbercnveznahnyfpbbxvatfnsrglsnpvyvgngbe889246241.jsp,06/17/2010 14:59:31
http,AAE0190,PC-8915,http://conduit.com/Brazilian_battleship_Minas_Geraes/minas/pbbxvatfnsrglsvezjnersnpvyvgngbe260742976.htm,06/17/2010 15:00:13
http,AAE0190,PC-8915,http://conduit.com/Brazilian_battleship_Minas_Geraes/minas/pbbxvatfnsrglsvezjnersnpvyvgngbe260742976.htm,06/17/2010 15:00:38
http,AAE0190,PC-8915,http://linksynergy.com/Andrew_Johnston_singer/brannock/sveroybttvatfnygjngreornpuovyyvneqfunyy1566888039.aspx,06/17/2010 15:03:17
http,AAE0190,PC-8915,http://sourceforge.net/Elizabeth_Canning/canningites/ovyyvneqfobbxfsver1625813682.htm,06/17/2010 15:03:43
http,AAE0190,PC-8915,http://megaclick.com/Albert_Prince_Consort/curragh/cyngsbezubefronpxevqvatfnsrglcebsvgsnpvyvgngbe333712281.php,06/17/2010 15:03:47
http,AAE0190,PC-8915,http://mlb.com/Agaricus_deserticola/montagnea/graavfznfgrefncnpursnpvyvgngbe1754539818.php,06/17/2010 15:05:23
http,AAE0190,PC-8915,http://mediafire.com/Manchester_SmallScale_Experimental_Machine/npl/vaterqvragfbhgyrgpragrefubccvatergheabavairfgzrag1105950029.aspx,06/17/2010 15:06:59
http,AAE0190,PC-8915,http://techcrunch.com/Daniel_Boone/filson/ergheabavairfgzragfuvccvat1272500731.html,06/17/2010 15:11:13
http,AAE0190,PC-8915,http://retailmenot.com/2012_phenomenon/aveni/jngrecbybqrfxgbcpnerreqrirybczragorarsvgf795555884.jsp,06/17/2010 15:11:54
http,AAE0190,PC-8915,http://digitalpoint.com/Hudson_Valley_Rail_Trail/costantino/frnzfgerffpbzzvffvbaylevpfinpngvba1988739345.htm,06/17/2010 15:22:00
http,AAE0190,PC-8915,http://hulu.com/Gray_mouse_lemur/lemur/qvfpbhaginpngvba865185298.aspx,06/17/2010 15:22:21
http,AAE0190,PC-8915,http://instagr.am/New_York_State_Route_175/skaneateles/pnerreqrirybczrag1978768455.php,06/17/2010 15:29:21
http,AAE0190,PC-8915,http://eonline.com/Gregory_of_Nazianzus/sasima/gragcebwrpgcrgsvfupbyyrtrfbppre691547229.htm,06/17/2010 15:33:40
http,AAE0190,PC-8915,http://macys.com/Stegosaurus/stegosaur/fanpxvatfxvvatgrpuavdhrfryrpgvba306083861.jsp,06/17/2010 15:37:26
http,AAE0190,PC-8915,http://conduit.com/1999_Sydney_hailstorm/hailstorm/sbbgonyygenvagenirycreraavnygnyxvatbagurcubar2080032598.php,06/17/2010 15:42:47
http,AAE0190,PC-8915,http://instagr.am/New_York_State_Route_175/skaneateles/pnerreqrirybczrag1978768455.php,06/17/2010 15:43:54
http,AAE0190,PC-8915,http://discovery.com/Japan/shikoku/gerrfgnaqergheabavairfgzrag2105221548.jsp,06/17/2010 15:52:32
http,AAE0190,PC-8915,http://discovery.com/Japan/shikoku/gerrfgnaqergheabavairfgzrag2105221548.jsp,06/17/2010 15:52:37
http,AAE0190,PC-8915,http://mediafire.com/Manchester_SmallScale_Experimental_Machine/npl/vaterqvragfbhgyrgpragrefubccvatergheabavairfgzrag1105950029.aspx,06/17/2010 15:52:50
http,AAE0190,PC-8915,http://mlb.com/Agaricus_deserticola/montagnea/graavfznfgrefncnpursnpvyvgngbe1754539818.php,06/17/2010 15:58:25
http,AAE0190,PC-8915,http://conduit.com/Brazilian_battleship_Minas_Geraes/minas/pbbxvatfnsrglsvezjnersnpvyvgngbe260742976.htm,06/17/2010 16:05:25
http,AAE0190,PC-8915,http://conduit.com/Brazilian_battleship_Minas_Geraes/minas/pbbxvatfnsrglsvezjnersnpvyvgngbe260742976.htm,06/17/2010 16:14:16
http,AAE0190,PC-8915,http://ebay.com/Stonewall_riots/kamenys/sverqenznbhgyrgpragrefubccvatzbhagrqbevragrrevat959308762.php,06/17/2010 16:18:43
http,AAE0190,PC-8915,http://megaclick.com/Albert_Prince_Consort/curragh/cyngsbezubefronpxevqvatfnsrglcebsvgsnpvyvgngbe333712281.php,06/17/2010 16:18:44
http,AAE0190,PC-8915,http://mlb.com/Agaricus_deserticola/montagnea/graavfznfgrefncnpursnpvyvgngbe1754539818.php,06/17/2010 16:20:47
http,AAE0190,PC-8915,http://conduit.com/Brazilian_battleship_Minas_Geraes/minas/pbbxvatfnsrglsvezjnersnpvyvgngbe260742976.htm,06/17/2010 16:21:13
http,AAE0190,PC-8915,http://about.com/Grays_Inn/cherke/harzcyblzragsver1434742481.asp,06/17/2010 16:27:05
http,AAE0190,PC-8915,http://ancestry.com/Henry_Bishop_of_Finland/turku/pnerreqrirybczragpnetbjngrecbyb913781379.asp,06/17/2010 16:30:30
http,AAE0190,PC-8915,http://mlb.com/Agaricus_deserticola/montagnea/graavfznfgrefncnpursnpvyvgngbe1754539818.php,06/17/2010 16:30:36
http,AAE0190,PC-8915,http://yelp.com/Enta_da_Stage/buckshot/fgeratgugenvavatobneqbsqverpgbefpebffpbhagelfxvvatgnyxvatbagurcubar711085400.html,06/17/2010 16:36:08
http,AAE0190,PC-8915,http://discovery.com/Japan/shikoku/gerrfgnaqergheabavairfgzrag2105221548.jsp,06/17/2010 16:52:26
http,AAE0190,PC-8915,http://mediafire.com/Manchester_SmallScale_Experimental_Machine/npl/vaterqvragfbhgyrgpragrefubccvatergheabavairfgzrag1105950029.aspx,06/17/2010 16:53:47
http,AAE0190,PC-8915,http://justin.tv/Baltimore_Steam_Packet_Company/staterooms/fanpxvattbhezrgsbbqfjngpuvatgryrivfvbafbsgjner498864610.aspx,06/17/2010 16:53:55
http,AAE0190,PC-8915,http://mediafire.com/Manchester_SmallScale_Experimental_Machine/npl/vaterqvragfbhgyrgpragrefubccvatergheabavairfgzrag1105950029.aspx,06/17/2010 17:00:28
http,AAE0190,PC-8915,http://ebay.com/Stonewall_riots/kamenys/sverqenznbhgyrgpragrefubccvatzbhagrqbevragrrevat959308762.php,06/17/2010 17:05:56
http,AAE0190,PC-8915,http://eonline.com/Gregory_of_Nazianzus/sasima/gragcebwrpgcrgsvfupbyyrtrfbppre691547229.htm,06/17/2010 17:05:57
http,AAE0190,PC-8915,http://sourceforge.net/Elizabeth_Canning/canningites/ovyyvneqfobbxfsver1625813682.htm,06/17/2010 17:06:20
http,AAE0190,PC-8915,http://retailmenot.com/2012_phenomenon/aveni/jngrecbybqrfxgbcpnerreqrirybczragorarsvgf795555884.jsp,06/17/2010 17:06:24
http,AAE0190,PC-8915,http://ancestry.com/Henry_Bishop_of_Finland/turku/pnerreqrirybczragpnetbjngrecbyb913781379.asp,06/17/2010 17:16:26
http,AAE0190,PC-8915,http://mlb.com/Agaricus_deserticola/montagnea/graavfznfgrefncnpursnpvyvgngbe1754539818.php,06/17/2010 17:20:21
http,AAE0190,PC-8915,http://ebay.com/Stonewall_riots/kamenys/sverqenznbhgyrgpragrefubccvatzbhagrqbevragrrevat959308762.php,06/17/2010 17:22:31
http,AAE0190,PC-8915,http://homedepot.com/Georges_Vzina/chicoutimi/sbbqfnsrglcrbcyrjngpuvat471550798.htm,06/17/2010 17:23:11
http,AAE0190,PC-8915,http://conduit.com/Brazilian_battleship_Minas_Geraes/minas/pbbxvatfnsrglsvezjnersnpvyvgngbe260742976.htm,06/17/2010 17:23:18
http,AAE0190,PC-8915,http://conduit.com/Brazilian_battleship_Minas_Geraes/minas/pbbxvatfnsrglsvezjnersnpvyvgngbe260742976.htm,06/17/2010 17:23:52
http,AAE0190,PC-8915,http://digitalpoint.com/Hudson_Valley_Rail_Trail/costantino/frnzfgerffpbzzvffvbaylevpfinpngvba1988739345.htm,06/17/2010 17:26:08
http,AAE0190,PC-8915,http://linksynergy.com/Andrew_Johnston_singer/brannock/sveroybttvatfnygjngreornpuovyyvneqfunyy1566888039.aspx,06/17/2010 17:26:14
http,AAE0190,PC-8915,http://macys.com/Stegosaurus/stegosaur/fanpxvatfxvvatgrpuavdhrfryrpgvba306083861.jsp,06/17/2010 17:37:14
http,AAE0190,PC-8915,http://instagr.am/New_York_State_Route_175/skaneateles/pnerreqrirybczrag1978768455.php,06/17/2010 17:37:37
http,AAE0190,PC-8915,http://redfin.com/Rinaldo_opera/goffredo/pehvfrergheabavairfgzragivqrbtnzrfcebwrpg1920790195.html,06/17/2010 17:59:35
http,AAE0190,PC-8915,http://techcrunch.com/Daniel_Boone/filson/ergheabavairfgzragfuvccvat1272500731.html,06/17/2010 18:00:36
http,AAE0190,PC-8915,http://ancestry.com/Henry_Bishop_of_Finland/turku/pnerreqrirybczragpnetbjngrecbyb913781379.asp,06/17/2010 18:07:56
email,AAE0190,PC-8915,August-Evans@msn.com,Kirby.B.Pollard@juno.com;Yolanda.I.Crosby@juno.com;CSP6@verizon.net;Nora.R.Oconnor@verizon.net;Quintessa_Randolph@sbcglobal.net,27377,0,06/17/2010 08:47:10
email,AAE0190,PC-8915,August-Evans@msn.com,Eugenia.W.Harrington@bellsouth.net,27478,0,06/17/2010 13:40:09
email,AAE0190,PC-8915,August.Armando.Evans@dtaa.com,Hadley.Sonya.Bowen@dtaa.com,20039,0,06/17/2010 14:06:06
email,AAE0190,PC-8915,August.Armando.Evans@dtaa.com,Yolanda.Idona.Crosby@dtaa.com;Marsh-Colt@lockheedmartin.com,15476,0,06/17/2010 14:12:32
email,AAE0190,PC-8915,August.Armando.Evans@dtaa.com,Kaye.Brianna.Blair@dtaa.com;Tarik.Odysseus.Rivera@dtaa.com;Yolanda.Idona.Crosby@dtaa.com,15033,0,06/17/2010 14:21:10
email,AAE0190,PC-8915,August-Evans@msn.com,Kaye_B_Blair@hotmail.com,35998,0,06/17/2010 15:18:48
email,AAE0190,PC-8915,August.Armando.Evans@dtaa.com,Sigourney.Xandra.Maddox@dtaa.com;Tarik.Odysseus.Rivera@dtaa.com;Sawyer.Abel.Turner@dtaa.com,20326,0,06/17/2010 15:19:11
email,AAE0190,PC-8915,August-Evans@msn.com,Cameron_N_Elliott@optonline.net;Kirby.B.Pollard@juno.com,34513,0,06/17/2010 15:24:37
email,AAE0190,PC-8915,August.Armando.Evans@dtaa.com,Yolanda.Idona.Crosby@dtaa.com;Sawyer.Abel.Turner@dtaa.com;Whoopi.Britanney.Camacho@dtaa.com,20493,2,06/17/2010 15:32:29
email,AAE0190,PC-8915,August-Evans@msn.com,Sawyer.A.Turner@sbcglobal.net,26748,0,06/17/2010 15:36:11
email,AAE0190,PC-8915,August.Armando.Evans@dtaa.com,Yolanda.Idona.Crosby@dtaa.com,16988,0,06/17/2010 15:48:39
email,AAE0190,PC-8915,August-Evans@msn.com,Hadley.S.Bowen@charter.net,23861,1,06/17/2010 15:50:24
email,AAE0190,PC-8915,August.Armando.Evans@dtaa.com,Whoopi.Britanney.Camacho@dtaa.com;Callum.Scott.Parrish@dtaa.com,26922,1,06/17/2010 16:42:06
email,AAE0190,PC-8915,August.Armando.Evans@dtaa.com,Whoopi.Britanney.Camacho@dtaa.com;Tarik.Odysseus.Rivera@dtaa.com;Ira.Benjamin.Mays@dtaa.com,20909,1,06/17/2010 16:54:41
